[{'f': 2700000000,
  'p': 17.0034706,
  'read_pow': 14.702958,
  'delta': 2.3005125999999994},
 {'f': 2900000000,
  'p': 17.0215024,
  'read_pow': 14.5970429,
  'delta': 2.4244594999999993},
 {'f': 3100000000,
  'p': 16.9973769,
  'read_pow': 14.3598417,
  'delta': 2.6375351999999985}]
